0 -19.0 1513.0
1 -21.0 1227.0
2 -21.0 1105.0
3 -20.0 1162.0
4 -21.0 1099.0
5 -20.0 1402.0
6 -21.0 1212.0
7 -21.0 1168.0
8 -19.0 1595.0
9 -19.0 1626.0
10 -21.0 1012.0
11 -20.0 1263.0
12 -21.0 1220.0
13 -21.0 1018.0
14 -20.0 1361.0
15 -19.0 1423.0
16 -19.0 1581.0
17 -21.0 1178.0
18 -20.0 1159.0
19 -20.0 1291.0
20 -18.0 1483.0
21 -21.0 1016.0
22 -21.0 1218.0
23 -21.0 1103.0
24 -21.0 1295.0
25 -21.0 1130.0
26 -20.0 1239.0
27 -21.0 1043.0
28 -18.0 1531.0
29 -20.0 1099.0
30 -20.0 1200.0
31 -21.0 1261.0
32 -21.0 1248.0
33 -21.0 1063.0
34 -20.0 1241.0
35 -19.0 1415.0
36 -19.0 1294.0
37 -21.0 1283.0
38 -21.0 1250.0
39 -20.0 1440.0
40 -19.0 1371.0
41 -20.0 1443.0
42 -19.0 1374.0
43 -21.0 1073.0
44 -20.0 1165.0
45 -20.0 1329.0
46 -21.0 1161.0
47 -20.0 1191.0
48 -20.0 1279.0
49 -21.0 1024.0
50 -21.0 1031.0
51 -20.0 1284.0
52 -19.0 1346.0
53 -20.0 1247.0
54 -20.0 1320.0
55 -18.0 1595.0
56 -21.0 1076.0
57 -20.0 1696.0
58 -21.0 1158.0
59 -21.0 1069.0
60 -19.0 1369.0
61 -20.0 1202.0
62 -19.0 1307.0
63 -21.0 1145.0
64 -20.0 1213.0
65 -21.0 1153.0
66 -21.0 1181.0
67 -21.0 1017.0
68 -20.0 1233.0
69 -21.0 1010.0
70 -19.0 1248.0
71 -20.0 1376.0
72 -20.0 1339.0
73 -21.0 1177.0
74 -20.0 1436.0
75 -21.0 1059.0
76 -21.0 1075.0
77 -20.0 1147.0
78 -21.0 1111.0
79 -21.0 1114.0
80 -20.0 1304.0
81 -21.0 1127.0
82 -20.0 1190.0
83 -21.0 1125.0
84 -20.0 1275.0
85 -18.0 1384.0
86 -20.0 1164.0
87 -21.0 1045.0
88 -21.0 1092.0
89 -21.0 998.0
90 -21.0 1009.0
91 -20.0 1251.0
92 -21.0 1009.0
93 -20.0 1115.0
94 -21.0 1069.0
95 -20.0 1342.0
96 -18.0 1521.0
97 -19.0 1289.0
98 -20.0 1264.0
99 -21.0 1052.0
100 -20.0 1100.0
101 -20.0 1237.0
102 -21.0 1131.0
103 -21.0 1068.0
104 -20.0 1170.0
105 -21.0 1094.0
106 -21.0 1012.0
107 -21.0 1005.0
108 -21.0 1120.0
109 -21.0 1091.0
110 -21.0 1085.0
111 -21.0 1257.0
112 -18.0 1448.0
113 -21.0 1082.0
114 -20.0 1250.0
115 -20.0 1333.0
116 -21.0 1093.0
117 -18.0 1514.0
118 -21.0 1177.0
119 -19.0 1297.0
120 -20.0 1238.0
121 -21.0 1255.0
122 -21.0 1080.0
123 -20.0 1205.0
124 -21.0 1156.0
125 -21.0 1020.0
126 -20.0 1390.0
127 -19.0 1475.0
128 -19.0 1385.0
129 -20.0 1102.0
130 -20.0 1112.0
131 -21.0 1006.0
132 -21.0 1184.0
133 -20.0 1426.0
